2 2
6 6
46 46
45 45
43 43
6 6
46 46
45 45
43 43
6 6
8 8
10 10
46 46
45 45
43 43
10 10
111 100
114 111
112 114
106 112
106 106
10 106
106 10
202 100
205 106
112 202
100 205
103 112
100 100
101 103
214 100
130 101
205 214
114 130
114 205
100 114
102 114
103 100
100 102
101 103
100 100
101 101
100 100
101 101
114 100
100 101
102 114
103 100
100 102
101 103
100 100
101 101
100 100
101 101
214 100
130 101
205 214
100 130
112 205
103 100
100 112
101 103
100 100
103 101
100 100
102 103
103 100
100 102
101 103
100 100
101 101
100 100
101 101
100 100
102 101
103 100
100 102
101 103
100 100
101 101
214 100
130 101
205 214
100 130
112 205
103 100
100 112
101 103
100 100
103 101
100 100
102 103
103 100
100 102
101 103
100 100
101 101
100 100
102 101
103 100
100 102
101 103
100 100
101 101
100 100
101 101
214 100
130 101
214 214
130 130
4 214
24 130
10 4
46 24
45 10
43 46
10 45
47 43
103 10
100 47
101 103
47 100
100 101
101 47
202 100
21 101
202 202
205 21
100 202
112 205
103 100
100 112
101 103
100 100
103 101
100 100
102 103
132 100
214 102
130 132
231 214
9 130
130 209
209 231
231 9
9 106
106 114
114 100
100 101
101 100
100 102
102 132
132 112
112 101
101 202
202 205
100 100
114 114
101 103
114 102
100 132
101 100
103 103
102 100
132 102
100 132
103 100
100 101
102 106
132 103
100 102
101 132
106 100
100 103
114 100
101 102
114 132
100 100
101 101
103 106
102 202
132 214
100 130
103 214
100 130
102 25
132 202
100 39
101 21
106 10
214 46
100 45
101 43
25 10
202 10
39 202
21 205
10 112
46 100
45 103
43 100
10 101
10 214
202 111
205 114
112 100
100 101
103 106
100 205
101 100
214 114
111 114
114 100
100 112
101 103
106 100
205 100
100 103
114 102
114 102
100 132
112 100
103 101
100 100
100 101
103 100
102 100
102 103
132 102
100 102
101 132
100 100
101 112
100 103
100 100
103 100
102 103
102 102
132 103
100 102
112 132
103 100
100 101
100 100
103 101
102 100
103 101
102 100
132 101
100 100
101 100
100 103
101 102
100 103
101 102
100 132
101 100
100 101
100 100
103 101
102 114
103 100
102 100
132 103
100 103
101 103
100 102
101 132
114 100
100 101
100 100
103 101
103 100
103 101
102 100
132 101
100 100
101 101
100 100
101 100
100 101
101 112
100 106
101 202
100 214
101 100
100 100
100 103
101 103
112 103
106 102
202 132
214 100
124 101
100 100
100 101
103 100
103 101
103 100
102 101
132 100
100 101
101 100
100 100
101 101
100 205
101 100
100 103
101 100
100 100
101 103
100 102
100 103
101 102
205 132
100 100
103 101
100 100
100 101
103 100
102 101
103 100
102 101
132 100
100 100
101 103
100 102
101 103
100 102
101 132
100 100
101 101
100 100
100 101
103 202
102 100
103 103
102 103
132 103
100 102
101 132
100 100
101 101
202 100
114 101
103 100
103 101
103 100
102 101
132 100
100 101
101 100
100 128
101 46
100 45
101 100
100 106
101 103
100 100
101 119
100 112
106 106
124 112
100 106
112 231
106 9
114 130
103 231
103 9
103 130
102 205
132 114
100 100
101 101
100 106
101 202
100 100
101 114
100 101
101 103
100 102
101 132
100 100
106 103
124 100
100 102
112 103
106 100
231 101
9 100
130 101
205 114
114 100
100 101
101 106
106 106
202 100
100 114
114 101
101 114
103 100
102 101
132 103
100 102
103 132
100 100
102 103
103 100
100 102
101 103
100 100
101 101
114 100
100 101
101 114
106 100
106 101
100 106
114 106
101 100
114 114
100 101
101 114
103 100
102 101
132 103
100 102
103 132
100 100
102 103
103 100
100 102
101 103
100 100
101 101
114 100
100 101
101 114
106 100
106 101
100 106
114 106
101 100
114 114
100 101
101 114
103 100
102 101
132 103
100 102
103 132
100 100
102 103
103 100
100 102
101 103
100 100
101 101
114 100
100 101
101 114
106 100
106 101
100 106
114 106
101 202
114 100
100 114
101 101
103 103
102 102
132 132
100 100
103 103
100 100
102 102
103 103
100 100
101 101
100 100
101 101
114 100
100 101
101 106
106 100
106 114
202 101
100 114
114 100
101 101
103 103
102 102
132 132
100 100
103 103
100 100
102 102
103 103
100 100
101 101
100 100
101 101
100 100
101 101
106 106
100 114
114 103
101 103
114 103
100 102
101 132
103 100
102 101
132 100
100 101
103 100
100 101
102 100
103 101
100 100
101 101
100 100
101 100
100 101
101 100
106 114
114 100
103 101
103 100
103 101
102 214
132 124
100 100
101 100
100 103
101 103
100 103
101 102
100 132
101 100
100 101
101 100
100 101
100 100
101 101
124 100
100 101
100 100
101 101
214 100
100 100
101 101
6 6
46 46
45 45
46 46
45 45
43 43
46 46
45 45
46 46
45 45
100 100
106 106
6 6
46 46
45 45
43 43
6 6
106 106
